              precision    recall  f1-score   support

          ar       0.97      0.18      0.30       206
          as       0.90      0.27      0.41       201
          be       0.91      0.30      0.45       198
          bo       0.73      0.29      0.42       200
          dv       0.61      0.05      0.10       207
          fa       0.97      0.28      0.43       208
          fr       0.90      0.38      0.53       195
          hi       0.95      0.33      0.49       188
          ja       1.00      0.31      0.47       202
          ka       1.00      0.34      0.51       216
          ko       0.91      0.31      0.46       207
          ru       0.09      0.98      0.16       179
          te       0.92      0.19      0.32       185
          zh       0.96      0.24      0.38       208

    accuracy                           0.31      2800
   macro avg       0.84      0.32      0.39      2800
weighted avg       0.85      0.31      0.39      2800
