              precision    recall  f1-score   support

          ar       0.99      0.40      0.57       376
          as       0.90      0.26      0.40       415
          be       0.97      0.42      0.58       406
          bo       0.82      0.23      0.36       397
          dv       0.68      0.20      0.31       388
          fa       1.00      0.42      0.60       396
          fr       0.93      0.38      0.54       410
          hi       0.98      0.41      0.58       415
          ja       0.10      0.99      0.17       373
          ka       1.00      0.21      0.34       376
          ko       0.89      0.26      0.40       414
          ru       0.96      0.32      0.48       416
          te       0.97      0.18      0.31       401
          zh       0.99      0.30      0.46       417

    accuracy                           0.35      5600
   macro avg       0.87      0.36      0.44      5600
weighted avg       0.87      0.35      0.44      5600
